0 0 0 35 0 0 0 0 0 0 0 0 0 0 0 54 0 0 0 0
0 0 0 0 43 45 0 41 9 0 0 0 0 0 0 0 0 0 0 0
0 0 0 0 0 11 0 0 0 0 0 0 0 0 0 0 0 0 0 0
35 0 0 0 0 0 118 0 0 0 60 0 0 0 0 0 0 0 0 0
0 43 0 0 0 8 0 0 0 0 0 0 0 0 0 0 0 0 0 0
0 45 11 0 8 0 0 0 0 0 0 0 0 0 0 0 0 0 0 0
0 0 0 118 0 0 0 0 0 0 41 0 0 0 34 0 0 30 0 0
0 41 0 0 0 0 0 0 0 130 0 0 53 0 0 0 0 0 0 0
0 9 0 0 0 0 0 0 0 0 0 0 21 45 0 0 0 0 0 0
0 0 0 0 0 0 0 130 0 0 0 111 44 0 33 0 80 22 0 0
0 0 0 60 0 0 41 0 0 0 0 0 0 0 0 85 0 0 0 0
0 0 0 0 0 0 0 0 0 111 0 0 0 0 0 0 0 0 0 48
0 0 0 0 0 0 0 53 21 44 0 0 0 45 0 0 38 0 0 0
0 0 0 0 0 0 0 0 45 0 0 0 45 0 0 0 0 0 0 20
0 0 0 0 0 0 34 0 0 33 0 0 0 0 0 0 0 0 36 0
54 0 0 0 0 0 0 0 0 0 85 0 0 0 0 0 0 0 0 0
0 0 0 0 0 0 0 0 0 80 0 0 38 0 0 0 0 0 0 0
0 0 0 0 0 0 30 0 0 22 0 0 0 0 0 0 0 0 0 0
0 0 0 0 0 0 0 0 0 0 0 0 0 0 36 0 0 0 0 0
0 0 0 0 0 0 0 0 0 0 0 48 0 20 0 0 0 0 0 0